Sprite:
  SpritesheetTextureHandle: 831715547930304519
  TexCordLeftDown: [0.28125, 0.100000024]
  TexCordRightDown: [0.3125, 0.100000024]
  TexCordUpRight: [0.3125, 0]
  TexCordUpLeft: [0.28125, 0]