Sprite:
  SpritesheetTextureHandle: 831715547930304519
  TexCordLeftDown: [0.46875, 0.100000024]
  TexCordRightDown: [0.5, 0.100000024]
  TexCordUpRight: [0.5, 0]
  TexCordUpLeft: [0.46875, 0]