Sprite:
  SpritesheetTextureHandle: 831715547930304519
  TexCordLeftDown: [0.5625, 0.100000024]
  TexCordRightDown: [0.59375, 0.100000024]
  TexCordUpRight: [0.59375, 0]
  TexCordUpLeft: [0.5625, 0]