Sprite:
  SpritesheetTextureHandle: 831715547930304519
  TexCordLeftDown: [0.03125, 0.100000024]
  TexCordRightDown: [0.0625, 0.100000024]
  TexCordUpRight: [0.0625, 0]
  TexCordUpLeft: [0.03125, 0]