Sprite:
  SpritesheetTextureHandle: 831715547930304519
  TexCordLeftDown: [0.78125, 0.100000024]
  TexCordRightDown: [0.8125, 0.100000024]
  TexCordUpRight: [0.8125, 0]
  TexCordUpLeft: [0.78125, 0]