Sprite:
  SpritesheetTextureHandle: 831715547930304519
  TexCordLeftDown: [0.90625, 0.100000024]
  TexCordRightDown: [0.9375, 0.100000024]
  TexCordUpRight: [0.9375, 0]
  TexCordUpLeft: [0.90625, 0]