Sprite:
  SpritesheetTextureHandle: 831715547930304519
  TexCordLeftDown: [0.15625, 0.100000024]
  TexCordRightDown: [0.1875, 0.100000024]
  TexCordUpRight: [0.1875, 0]
  TexCordUpLeft: [0.15625, 0]