Sprite:
  SpritesheetTextureHandle: 831715547930304519
  TexCordLeftDown: [0.21875, 0.100000024]
  TexCordRightDown: [0.25, 0.100000024]
  TexCordUpRight: [0.25, 0]
  TexCordUpLeft: [0.21875, 0]