Sprite:
  SpritesheetTextureHandle: 9383798946519536564
  TexCordLeftDown: [-0.0048828125, 0.6015625]
  TexCordRightDown: [0.120117188, 0.6015625]
  TexCordUpRight: [0.120117188, 0.268229187]
  TexCordUpLeft: [-0.0048828125, 0.268229187]