Sprite:
  SpritesheetTextureHandle: 9383798946519536564
  TexCordLeftDown: [0.245117188, 0.6015625]
  TexCordRightDown: [0.370117188, 0.6015625]
  TexCordUpRight: [0.370117188, 0.268229187]
  TexCordUpLeft: [0.245117188, 0.268229187]