Sprite:
  SpritesheetTextureHandle: 9383798946519536564
  TexCordLeftDown: [0.620117188, 0.6015625]
  TexCordRightDown: [0.745117188, 0.6015625]
  TexCordUpRight: [0.745117188, 0.268229187]
  TexCordUpLeft: [0.620117188, 0.268229187]