Sprite:
  SpritesheetTextureHandle: 831715547930304519
  TexCordLeftDown: [0.437988281, 1]
  TexCordRightDown: [0.500488281, 1]
  TexCordUpRight: [0.500488281, 0.800000012]
  TexCordUpLeft: [0.437988281, 0.800000012]