Sprite:
  SpritesheetTextureHandle: 831715547930304519
  TexCordLeftDown: [0.25, 1]
  TexCordRightDown: [0.3125, 1]
  TexCordUpRight: [0.3125, 0.800000012]
  TexCordUpLeft: [0.25, 0.800000012]