Sprite:
  SpritesheetTextureHandle: 831715547930304519
  TexCordLeftDown: [0, 1]
  TexCordRightDown: [0.125, 1]
  TexCordUpRight: [0.125, 0.800000012]
  TexCordUpLeft: [0, 0.800000012]