Sprite:
  SpritesheetTextureHandle: 831715547930304519
  TexCordLeftDown: [0.125, 1]
  TexCordRightDown: [0.1875, 1]
  TexCordUpRight: [0.1875, 0.800000012]
  TexCordUpLeft: [0.125, 0.800000012]