Sprite:
  SpritesheetTextureHandle: 9383798946519536564
  TexCordLeftDown: [-0.0048828125, 0.939903855]
  TexCordRightDown: [0.120117188, 0.939903855]
  TexCordUpRight: [0.120117188, 0.632211566]
  TexCordUpLeft: [-0.0048828125, 0.632211566]