Sprite:
  SpritesheetTextureHandle: 9383798946519536564
  TexCordLeftDown: [0.245117188, 0.939903855]
  TexCordRightDown: [0.370117188, 0.939903855]
  TexCordUpRight: [0.370117188, 0.632211566]
  TexCordUpLeft: [0.245117188, 0.632211566]