Sprite:
  SpritesheetTextureHandle: 9383798946519536564
  TexCordLeftDown: [0.870117188, 0.934895813]
  TexCordRightDown: [0.995117188, 0.934895813]
  TexCordUpRight: [0.995117188, 0.6015625]
  TexCordUpLeft: [0.870117188, 0.6015625]