Sprite:
  SpritesheetTextureHandle: 9383798946519536564
  TexCordLeftDown: [0.120117188, 0.324519217]
  TexCordRightDown: [0.245117188, 0.324519217]
  TexCordUpRight: [0.245117188, 0.0168269277]
  TexCordUpLeft: [0.120117188, 0.0168269277]