Sprite:
  SpritesheetTextureHandle: 831715547930304519
  TexCordLeftDown: [0.625, 0.800000012]
  TexCordRightDown: [0.75, 0.800000012]
  TexCordUpRight: [0.75, 0.600000024]
  TexCordUpLeft: [0.625, 0.600000024]