Sprite:
  SpritesheetTextureHandle: 831715547930304519
  TexCordLeftDown: [0.75, 0.798437476]
  TexCordRightDown: [0.875, 0.798437476]
  TexCordUpRight: [0.875, 0.598437488]
  TexCordUpLeft: [0.75, 0.598437488]