Sprite:
  SpritesheetTextureHandle: 831715547930304519
  TexCordLeftDown: [0.875, 0.800000012]
  TexCordRightDown: [1, 0.800000012]
  TexCordUpRight: [1, 0.600000024]
  TexCordUpLeft: [0.875, 0.600000024]