Sprite:
  SpritesheetTextureHandle: 831715547930304519
  TexCordLeftDown: [0.3125, 0.600000024]
  TexCordRightDown: [0.375, 0.600000024]
  TexCordUpRight: [0.375, 0.399999976]
  TexCordUpLeft: [0.3125, 0.399999976]