Sprite:
  SpritesheetTextureHandle: 831715547930304519
  TexCordLeftDown: [0.625, 0.600000024]
  TexCordRightDown: [0.75, 0.600000024]
  TexCordUpRight: [0.75, 0.399999976]
  TexCordUpLeft: [0.625, 0.399999976]