Sprite:
  SpritesheetTextureHandle: 1607516040653568952
  TexCordLeftDown: [0.833333313, 1]
  TexCordRightDown: [0.916666687, 1]
  TexCordUpRight: [0.916666687, 0]
  TexCordUpLeft: [0.833333313, 0]