Sprite:
  SpritesheetTextureHandle: 1607516040653568952
  TexCordLeftDown: [0.0833333358, 1]
  TexCordRightDown: [0.166666672, 1]
  TexCordUpRight: [0.166666672, 0]
  TexCordUpLeft: [0.0833333358, 0]