Sprite:
  SpritesheetTextureHandle: 1607516040653568952
  TexCordLeftDown: [0.333333343, 1]
  TexCordRightDown: [0.416666657, 1]
  TexCordUpRight: [0.416666657, 0]
  TexCordUpLeft: [0.333333343, 0]