Sprite:
  SpritesheetTextureHandle: 1607516040653568952
  TexCordLeftDown: [0.416666657, 1]
  TexCordRightDown: [0.5, 1]
  TexCordUpRight: [0.5, 0]
  TexCordUpLeft: [0.416666657, 0]