Sprite:
  SpritesheetTextureHandle: 1607516040653568952
  TexCordLeftDown: [0.5, 1]
  TexCordRightDown: [0.583333313, 1]
  TexCordUpRight: [0.583333313, 0]
  TexCordUpLeft: [0.5, 0]