Sprite:
  SpritesheetTextureHandle: 831715547930304519
  TexCordLeftDown: [-0.01171875, 0.40625]
  TexCordRightDown: [0.11328125, 0.40625]
  TexCordUpRight: [0.11328125, 0.206250012]
  TexCordUpLeft: [-0.01171875, 0.206250012]