Sprite:
  SpritesheetTextureHandle: 831715547930304519
  TexCordLeftDown: [0.056640625, 0.40625]
  TexCordRightDown: [0.119140625, 0.40625]
  TexCordUpRight: [0.119140625, 0.206250012]
  TexCordUpLeft: [0.056640625, 0.206250012]