Sprite:
  SpritesheetTextureHandle: 831715547930304519
  TexCordLeftDown: [0.306640625, 0.40625]
  TexCordRightDown: [0.369140625, 0.40625]
  TexCordUpRight: [0.369140625, 0.206250012]
  TexCordUpLeft: [0.306640625, 0.206250012]